6.97016e-06 1.27139
1.12873 0.894365
1.96352 5.16393e-07
1.59662 -1.67701e-06
-6.2277e-07 0.453611
0.0013967 -2.13436e-06
-1.55893e-06 1.43441
-1.42714e-06 -2.54238e-06
-4.29222e-06 -1.50441e-06
-3.52927e-06 0.749681
1.8823 2.88916e-07
6.81269e-07 -1.04495e-06
1.59858 0.258546
-2.94396e-07 -4.59622e-06
-3.36105e-06 0.889417
1.71067 -5.71109e-06
-7.09917e-06 0.00158704
-6.95849e-06 -7.40774e-06
1.73847 -8.93556e-06
-1.17781e-05 -5.48251e-06
1.55661 1.58976
0.0921457 -2.7782e-06
-4.43885e-06 1.60135
-2.79871e-06 1.70089
0.233802 -8.83028e-06
0.54866 1.02836
0.277178 -7.33052e-06
0.244374 0.460782
-1.11275e-05 0.033776
0.283686 -2.38011e-05
-1.90029e-05 1.14169
0.8781 -3.31294e-05
-3.18417e-05 0.00184113
-2.5683e-05 1.15788
-2.68697e-05 9.93149e-05
-3.21564e-05 0.111275
-2.9819e-05 0.437071
0.74604 -2.64104e-05
0.00254192 -3.35592e-05
-2.92157e-05 0.806147
-3.16069e-05 0.65845
0.018297 -3.28979e-05
0.783952 -3.16866e-05
0.865166 1.18373
-1.79125e-05 0.948151
0.277 0.604232
-2.21607e-05 0.180131
-2.64695e-05 1.3309
-2.37021e-05 0.701495
1.24184 -1.67466e-05
0.00442851 -1.87817e-05
-2.6512e-05 1.5721
0.387753 0.91354
1.12111 -4.46469e-05
-4.26073e-05 0.664134
0.000386426 0.273413
0.890114 0.112105
-5.42683e-05 -7.08996e-05
0.178178 0.105179
0.461991 0.748741
-6.62705e-05 -6.04956e-05
-5.21783e-05 0.83589
-6.17245e-05 -5.4521e-05
0.204233 -7.43815e-05
0.724486 -8.14053e-05
1.47811 1.15209
0.32927 -8.43491e-05
0.159647 0.346514
-8.85394e-05 0.00226847
-8.28417e-05 -9.67895e-05
0.114374 1.31059
-9.33124e-05 0.539558
-0.000100834 0.728462
0.354695 0.212106
-9.05867e-05 -0.000108918
-0.000114823 0.837553
0.43715 0.0516668
0.0794108 0.645365
1.0478 1.13739
-0.000113214 0.927335
0.630248 0.425953
0.0521035 -0.000113755
0.0095695 -0.00010224
-0.000100089 -0.000106488
0.00050402 -9.46954e-05
-0.000101794 -0.000106395
0.778789 1.18436
0.0241187 -0.000116206
0.000968571 -0.000115068
-0.000140658 -0.000141702
-0.000127342 1.22543
-0.000135852 -0.000135497
0.538829 0.308683
0.0106293 0.151635
0.639269 0.209807
0.200611 -0.000124858
0.0103232 1.13309
1.31258 0.689602
-0.000103632 0.521492
-0.000117376 -9.82528e-05
-0.000101405 -0.000115521
-9.67801e-05 -0.000114444
-0.000116138 -0.000120987
0.00999213 0.105154
1.53244 0.532574
0.106363 -9.11825e-05
-9.41796e-05 0.0296247
0.0441464 -6.74626e-05
-8.95886e-05 0.891367
1.01708 0.0233034
-9.92667e-05 0.0876
0.358654 -9.67037e-05
-9.43114e-05 1.31395
0.845018 -0.000102024
0.247479 0.175803
-0.000102895 0.829238
1.38374 0.617491
0.175819 -8.01328e-05
-9.25482e-05 0.0413957
0.31352 0.00423072
-7.65432e-05 0.0959866
-9.5651e-05 0.497816
0.135549 -7.98001e-05
0.508333 1.09184
-0.000119903 -0.000118984
0.0490391 -0.000131023
-0.000119201 -9.25231e-05
1.06199 -0.00013024
0.765022 0.112388
-8.6183e-05 0.586957
-0.000103398 0.262672
1.20532 1.12819
-0.00010055 0.614716
-6.58007e-05 0.862204
-0.000109873 0.429869
0.591692 0.509225
-0.000100559 -0.000111647
0.640708 1.18201
0.610692 -9.42996e-05
-0.000118663 0.333425
1.19405 -9.66438e-05
-0.000121688 -9.25177e-05
0.520454 -9.29268e-05
-0.000105902 0.0402612
-0.000114809 0.139738
0.65815 -0.000116005
-0.000108253 0.608597
-0.000111869 0.1341
-0.000101911 0.00412651
0.0365952 0.119233
0.0242172 -9.33697e-05
-0.000107835 0.370201
-0.000112538 0.0194302
0.0387491 -0.000112187
0.652731 0.41887
-0.000112747 0.802264
0.0250482 0.734661
-0.000107542 -0.000106201
0.169935 -0.000109401
-0.000104141 0.0621795
-0.00010536 -0.000120516
0.181112 -0.000125147
0.602769 0.19323
0.454503 -0.000126513
0.0211747 0.161469
-0.000154529 0.7939
0.0383095 0.340061
-0.000129891 -0.000131207
-0.00015557 -0.000117976
0.0763078 -0.00015803
-0.000142671 -0.000146426
-0.000134665 -0.000151994
0.324455 0.741397
0.0253462 0.555623
0.152994 -0.000158308
0.896676 0.0769359
-0.000126955 0.0513994
-0.000143741 0.917444
-0.000124096 0.645423
-0.000111902 -0.000120271
-0.000133282 0.543368
-0.000140302 -0.000142655
0.918599 -0.000114502
-0.000118431 -0.000110128
-9.52638e-05 -0.000108513
-0.000120574 -0.000102118
-0.00011635 0.0504287
-0.000124311 0.790711
0.505632 -0.000108824
0.496807 0.0424919
-0.000110576 0.156957
-0.000129564 -0.000159059
1.67404 0.771531
0.830858 0.562768
0.542826 -0.000115556
-0.000120879 -0.000118489
0.175417 -0.000129042
0.654842 0.151861
-0.000119001 0.369332
-0.000138095 -0.000131485
